1052
1131
1209
1220
1234
1241
1253
1264
1275
1283
1285
1288
1289
1290
1294
1295
1308
1316
1317
1326
1329
1330
1332
1340
1341
1343
1352
1354
1374
1375
1378
1386
1401
1402
1404
1421
1422
1436
1437
1443
1445
1449
1452
1456
1460
1467
1472
1480
1482
1484
1487
1490
1494
1495
1497
1501
1513
1518
1519
1524
1529
1530
1533
1536
1537
1538
1545
1549
1551
1577
1580
1581
1583
1586
1587
1590
1603
1611
1614
1615
1622
1624
1625
1632
1640
1643
1646
1650
1651
1656
1658
1659
1665
1668
1669
1670
1672
1676
1682
1686
1690
1694
1698
1699
1702
1704
1706
1708
1709
1717
1719
1726
1731
1732
1733
1738
1744
1748
1756
1758
1759
1760
1761
1762
1763
1766
1767
1768
1769
1771
1772
1774
1777
1782
1786
1788
1789
1793
1794
1796
1797
1804
1805
1807
1815
1816
1822
1825
1826
1828
1835
1838
1839
1843
1850
1851
1858
1861
1862
1864
1865
1866
1874
1885
1888
1889
1892
1897
1898
1902
1924
1930
1932
1935
1938
1941
1943
1945
1947
1957
1967
1970
1971
1974
1983
1987
1989
1993
1995
2005
2007
562
633
717
728
74
75
880
894
927
